0,2.5059072E7,1.5292085E7,2.1776618E7,2.5059368E7,2.4559704E7,2.5833748E7,2.507792E7,2.5833748E7,0
1,1.0729442E7,6548237.0,9325744.0,1.072957E7,1.0516065E7,1.1061327E7,1.0737513E7,1.1061327E7,1
2,28140.404296875,17748.556640625,26059.689453125,28143.078125,27492.82421875,29049.341796875,28163.06640625,29049.341796875,2
3,10437.283203125,7762.2998046875,11698.92578125,10434.85546875,11441.7431640625,10874.1201171875,10442.978515625,10874.1201171875,3
4,5701.62939453125,2300.57080078125,2983.50439453125,5703.36669921875,4684.64990234375,5795.79931640625,5706.32373046875,5795.79931640625,4
5,3471.0966796875,3273.19921875,4958.78076171875,3470.938232421875,4030.8203125,3620.847900390625,3474.432373046875,3620.847900390625,5
6,2479.79443359375,1556.56884765625,2481.35107421875,2479.57763671875,2266.963134765625,2482.014404296875,2481.225341796875,2482.014404296875,6
7,1720.7479248046875,1519.983154296875,2359.74658203125,1720.427734375,1951.39892578125,1807.9237060546875,1721.3626708984375,1807.9237060546875,7
8,1367.4525146484375,1335.288330078125,2211.93212890625,1367.8253173828125,1506.3741455078125,1377.8699951171875,1369.0390625,1377.8699951171875,8
9,1022.54345703125,754.5925903320312,1158.2529296875,1022.8310546875,1059.6099853515625,1084.3359375,1022.3636474609375,1084.3359375,9
10,837.1839599609375,1192.0057373046875,1957.333251953125,836.8388061523438,1129.12255859375,876.1048583984375,838.66259765625,876.1048583984375,10
11,725.4169311523438,474.810302734375,809.995361328125,725.203125,655.3667602539062,722.1594848632812,725.2684326171875,722.1594848632812,11
12,584.6259155273438,903.7351684570312,1476.2459716796875,585.2449951171875,871.7528076171875,605.8577880859375,585.7536010742188,605.8577880859375,12
13,524.1493530273438,541.984375,961.4788818359375,523.5059204101562,539.1395874023438,515.1513671875,524.1384887695312,515.1513671875,13
14,391.8302917480469,622.5347900390625,1009.40283203125,392.0567626953125,587.657470703125,443.65850830078125,392.3639831542969,443.65850830078125,14
15,368.2060852050781,584.4981079101562,1015.8753662109375,368.4830627441406,570.9724731445312,384.6435241699219,368.0863037109375,384.6435241699219,15
16,360.4422607421875,302.1929931640625,523.160400390625,360.50689697265625,335.0199279785156,338.703857421875,361.09228515625,338.703857421875,16
17,278.4357604980469,739.1561279296875,1225.3201904296875,278.0767517089844,554.3589477539062,299.5013427734375,277.5411682128906,299.5013427734375,17
18,303.9759216308594,258.20489501953125,473.83026123046875,304.8348388671875,287.270263671875,266.89990234375,305.10980224609375,266.89990234375,18
19,160.59109497070312,554.7554931640625,949.4078369140625,159.82627868652344,468.9586486816406,239.22850036621094,160.71583557128906,239.22850036621094,19
20,247.3846893310547,363.8316650390625,635.8231811523438,247.73492431640625,265.7615966796875,215.7289276123047,247.54615783691406,215.7289276123047,20
21,221.841064453125,461.17071533203125,773.78759765625,222.13929748535156,393.460205078125,195.35084533691406,222.2458038330078,195.35084533691406,21
22,125.90946960449219,415.7080078125,717.2135620117188,125.62210845947266,290.830322265625,177.7552947998047,125.3398208618164,177.7552947998047,22
23,219.84115600585938,302.74407958984375,503.63751220703125,219.87313842773438,244.47540283203125,161.9936981201172,220.1295166015625,161.9936981201172,23
24,116.23836517333984,397.26092529296875,704.1301879882812,116.28023529052734,336.82330322265625,149.286865234375,116.855712890625,149.286865234375,24
25,130.75323486328125,257.56182861328125,428.6553955078125,131.27896118164062,189.36122131347656,137.10438537597656,130.74754333496094,137.10438537597656,25
26,111.39814758300781,382.92791748046875,659.0106201171875,110.80012512207031,284.22015380859375,126.49613952636719,111.48553466796875,126.49613952636719,26
27,122.65966033935547,189.0738067626953,334.84381103515625,122.33719635009766,161.30325317382812,117.13103485107422,122.21575164794922,117.13103485107422,27
28,148.7259063720703,358.90093994140625,620.2618408203125,149.4357452392578,294.07232666015625,108.68811798095703,149.0647735595703,108.68811798095703,28
29,61.207515716552734,196.11656188964844,343.5096435546875,60.208587646484375,173.8677215576172,101.1785888671875,61.094451904296875,101.1785888671875,29
30,123.86326599121094,326.82489013671875,561.3973999023438,124.76387786865234,227.4163360595703,94.42391967773438,123.83951568603516,94.42391967773438,30
31,67.97206115722656,222.54763793945312,384.706298828125,67.3426284790039,163.9058837890625,87.59908294677734,67.35368347167969,87.59908294677734,31
32,75.8247299194336,266.5235900878906,461.525146484375,76.62264251708984,260.4972229003906,82.80158996582031,77.08245086669922,82.80158996582031,32
33,70.33229064941406,233.94906616210938,408.0535583496094,70.34186553955078,145.970458984375,77.88163757324219,69.98368072509766,77.88163757324219,33
34,123.40052795410156,237.48193359375,415.23590087890625,123.7981948852539,218.95919799804688,72.8669204711914,123.48505401611328,72.8669204711914,34
35,10.079872131347656,213.51028442382812,368.5923156738281,10.204992294311523,131.9461212158203,68.62136840820312,10.102325439453125,68.62136840820312,35
36,76.20016479492188,235.31507873535156,408.2915344238281,76.14279174804688,181.0692138671875,65.14601135253906,76.06658935546875,65.14601135253906,36
37,79.99272155761719,193.8306121826172,331.7510070800781,80.17570495605469,156.6316680908203,61.513877868652344,81.07263946533203,61.513877868652344,37
38,62.00963592529297,217.7559356689453,376.2793884277344,62.02287292480469,148.98594665527344,57.27513885498047,61.47842025756836,57.27513885498047,38
39,44.040035247802734,181.49513244628906,329.0115051269531,43.337215423583984,171.57003784179688,54.04790496826172,42.32591247558594,54.04790496826172,39
40,66.79192352294922,217.29486083984375,359.6888427734375,66.734619140625,119.51189422607422,52.180328369140625,67.19524383544922,52.180328369140625,40
41,52.371517181396484,178.11265563964844,321.3395080566406,52.8320198059082,137.65628051757812,49.5194091796875,52.451419830322266,49.5194091796875,41
42,58.462501525878906,209.48243713378906,362.8564147949219,57.68421173095703,150.43209838867188,46.871734619140625,58.346641540527344,46.871734619140625,42
43,39.12454605102539,127.24637603759766,222.47291564941406,39.13913345336914,135.49859619140625,44.734920501708984,38.6788215637207,44.734920501708984,43
44,72.02108001708984,224.97796630859375,390.3058776855469,72.14950561523438,133.9381561279297,42.48896026611328,72.3124771118164,42.48896026611328,44
45,4.99493408203125,156.83071899414062,277.88873291015625,5.17622709274292,156.2122802734375,40.46331787109375,5.063066005706787,40.46331787109375,45
46,72.41571807861328,182.87709045410156,311.8711242675781,72.60199737548828,80.14006805419922,38.61021423339844,72.49729919433594,38.61021423339844,46
47,14.404109954833984,176.67025756835938,304.9222106933594,13.587480545043945,147.65927124023438,36.259517669677734,13.147015571594238,36.259517669677734,47
48,33.322731018066406,169.7306671142578,300.7393798828125,33.482017517089844,142.54161071777344,35.81147384643555,32.762489318847656,35.81147384643555,48
49,59.42253494262695,195.01686096191406,335.9989929199219,59.45735168457031,130.30731201171875,33.595394134521484,60.28560256958008,33.595394134521484,49
50,40.32224655151367,134.63104248046875,238.13296508789062,40.87423324584961,121.65277099609375,32.329376220703125,40.177284240722656,32.329376220703125,50
51,33.467647552490234,200.23760986328125,344.4950866699219,32.82461166381836,120.37714385986328,31.05563735961914,33.451847076416016,31.05563735961914,51
52,12.584253311157227,106.59767150878906,186.21336364746094,12.801863670349121,154.5572509765625,29.564395904541016,12.57472038269043,29.564395904541016,52
53,69.36842346191406,207.11622619628906,361.6586608886719,69.05760955810547,161.13795471191406,28.308229446411133,69.4566879272461,28.308229446411133,53
54,8.410091400146484,88.5000991821289,156.68992614746094,8.478160858154297,111.14636993408203,27.400230407714844,8.472180366516113,27.400230407714844,54
55,59.68684005737305,205.289794921875,347.65087890625,59.723419189453125,97.43070220947266,25.992403030395508,60.22295379638672,25.992403030395508,55
56,54.03855895996094,80.15802001953125,153.15350341796875,54.086280822753906,142.93057250976562,25.193819046020508,54.84647750854492,25.193819046020508,56
57,42.08655548095703,222.53231811523438,370.75262451171875,41.89250564575195,39.870811462402344,24.27388572692871,42.93848419189453,24.27388572692871,57
58,45.401851654052734,98.11009216308594,178.84768676757812,45.00203323364258,145.5405731201172,23.25910186767578,45.109798431396484,23.25910186767578,58
59,34.31655502319336,133.1298828125,235.3767547607422,34.70582962036133,107.08577728271484,22.330825805664062,34.26872634887695,22.330825805664062,59
60,30.03884506225586,122.11363220214844,219.79153442382812,29.628711700439453,166.23751831054688,21.486703872680664,30.173873901367188,21.486703872680664,60
61,31.70813751220703,151.5326690673828,259.0397644042969,31.35387420654297,65.04801177978516,20.66303062438965,32.39614486694336,20.66303062438965,61
62,67.16580963134766,100.2389907836914,190.3374786376953,66.69351959228516,254.70611572265625,19.899084091186523,67.4081039428711,19.899084091186523,62
63,53.00962448120117,171.70822143554688,273.8203430175781,52.98406982421875,97.2778549194336,18.50721549987793,52.744510650634766,18.50721549987793,63
64,49.01020431518555,208.13607788085938,339.15521240234375,49.510101318359375,256.15863037109375,19.10497283935547,49.0025520324707,19.10497283935547,64
65,73.91388702392578,108.60530090332031,194.25033569335938,73.60234832763672,240.00518798828125,17.961275100708008,73.35263061523438,17.961275100708008,65
66,8.90024471282959,113.3194580078125,191.50140380859375,8.734006881713867,93.60501861572266,16.990737915039062,9.134766578674316,16.990737915039062,66
67,59.440773010253906,173.7556610107422,298.91363525390625,59.361572265625,104.61365509033203,16.60294532775879,59.57704162597656,16.60294532775879,67
68,32.25886917114258,71.6261215209961,124.86387634277344,32.268741607666016,170.072998046875,15.910491943359375,32.145103454589844,15.910491943359375,68
69,38.92318344116211,186.61642456054688,308.4574890136719,39.36978530883789,27.7278995513916,15.39948558807373,39.206912994384766,15.39948558807373,69
70,64.91728210449219,50.70083236694336,108.88777923583984,65.0866928100586,192.66319274902344,14.82102108001709,64.67499542236328,14.82102108001709,70
71,41.30210494995117,194.466796875,324.517822265625,41.400081634521484,50.40523910522461,14.089911460876465,41.318782806396484,14.089911460876465,71
72,15.488679885864258,75.48040771484375,136.49380493164062,16.068557739257812,99.18939208984375,14.028035163879395,16.15597152709961,14.028035163879395,72
73,38.2388916015625,98.65494537353516,179.44589233398438,38.32280731201172,176.7872772216797,13.541845321655273,38.464237213134766,13.541845321655273,73
74,13.768730163574219,168.11253356933594,282.60797119140625,14.307878494262695,39.52130126953125,12.506793975830078,13.604156494140625,12.506793975830078,74
75,43.84546661376953,127.7457275390625,216.899169921875,43.37919235229492,78.50341033935547,12.629867553710938,43.57072830200195,12.629867553710938,75
76,56.863433837890625,98.26258850097656,187.90476989746094,57.09344482421875,165.90528869628906,12.567569732666016,57.60525131225586,12.567569732666016,76
77,27.3948974609375,125.36190032958984,213.56553649902344,27.874855041503906,141.92324829101562,11.540762901306152,28.019590377807617,11.540762901306152,77
78,36.1319465637207,152.66920471191406,253.6517791748047,36.3634147644043,75.03491973876953,11.219894409179688,36.5230598449707,11.219894409179688,78
79,20.00212287902832,70.08814239501953,121.498046875,19.817218780517578,82.49497985839844,10.434504508972168,19.80177116394043,10.434504508972168,79
80,14.593009948730469,145.82778930664062,259.0119934082031,13.896855354309082,112.84191131591797,10.382359504699707,14.384917259216309,10.382359504699707,80
81,24.051429748535156,88.33258819580078,150.0944061279297,24.16463279724121,68.54232788085938,10.308881759643555,24.28713607788086,10.308881759643555,81
82,22.459558486938477,128.3724822998047,225.2728729248047,23.174413681030273,75.40532684326172,9.850554466247559,22.87845802307129,9.850554466247559,82
83,29.816869735717773,98.62251281738281,168.90167236328125,30.204038619995117,65.9489974975586,9.52104663848877,29.92150115966797,9.52104663848877,83
84,19.025699615478516,95.46331024169922,169.59512329101562,18.761539459228516,82.95138549804688,8.983806610107422,18.6873779296875,8.983806610107422,84
85,20.594539642333984,115.29902648925781,198.79574584960938,20.01320457458496,84.9728012084961,8.957003593444824,20.30257225036621,8.957003593444824,85
86,3.5197789669036865,101.99828338623047,179.33761596679688,3.732395648956299,98.7932357788086,8.320651054382324,4.049750804901123,8.320651054382324,86
87,14.32905101776123,108.010498046875,185.98719787597656,14.827499389648438,62.45150375366211,8.256546020507812,14.895620346069336,8.256546020507812,87
88,19.667192459106445,108.8820571899414,183.56605529785156,19.71784019470215,116.53607177734375,7.803260803222656,19.380678176879883,7.803260803222656,88
89,15.053107261657715,89.65042114257812,160.0367889404297,14.898394584655762,75.64877319335938,7.6803364753723145,14.585556983947754,7.6803364753723145,89
90,16.538854598999023,120.59148406982422,206.9516143798828,16.353025436401367,59.73177719116211,7.540441036224365,16.379060745239258,7.540441036224365,90
91,23.769678115844727,89.80049133300781,160.35903930664062,23.60452651977539,92.58670806884766,7.063562870025635,23.318330764770508,7.063562870025635,91
92,1.5175492763519287,119.90494537353516,202.98362731933594,1.5700734853744507,67.49508666992188,6.770703315734863,1.5964375734329224,6.770703315734863,92
93,9.144272804260254,96.01377868652344,171.90615844726562,9.339316368103027,73.73405456542969,6.6276044845581055,9.178763389587402,6.6276044845581055,93
94,11.704059600830078,94.07605743408203,161.43435668945312,12.292327880859375,72.35713958740234,6.373982906341553,12.15106201171875,6.373982906341553,94
95,10.273698806762695,105.96234130859375,182.9068603515625,9.738662719726562,64.45972442626953,6.0131635665893555,9.759881019592285,6.0131635665893555,95
96,18.597251892089844,105.356201171875,183.72279357910156,18.9134464263916,83.8555908203125,5.88604211807251,19.001121520996094,5.88604211807251,96
97,21.23797035217285,90.44884490966797,160.82821655273438,21.714740753173828,63.99699783325195,5.4653496742248535,21.568679809570312,5.4653496742248535,97
98,15.789599418640137,99.49443817138672,172.74542236328125,15.744197845458984,67.94475555419922,5.497866630554199,15.360950469970703,5.497866630554199,98
99,7.26979398727417,97.61659240722656,168.5723419189453,7.485255718231201,82.3505630493164,5.050978660583496,7.127270698547363,5.050978660583496,99
100,17.29659652709961,98.62421417236328,174.78126525878906,17.481399536132812,61.1076545715332,5.048823833465576,17.045398712158203,5.048823833465576,100
101,10.940711975097656,89.44989013671875,154.08644104003906,10.907032012939453,67.42184448242188,4.691588401794434,11.051384925842285,4.691588401794434,101
102,9.81031608581543,99.87413024902344,174.58621215820312,9.615324020385742,76.41182708740234,4.5774664878845215,9.153653144836426,4.5774664878845215,102
103,14.417420387268066,95.12158203125,167.54623413085938,14.344322204589844,66.29833984375,4.380871772766113,14.481034278869629,4.380871772766113,103
104,22.41127586364746,112.94495391845703,195.21713256835938,22.596155166625977,59.1830940246582,4.171586990356445,22.576732635498047,4.171586990356445,104
105,16.4416446685791,71.5242691040039,125.52448272705078,16.986648559570312,94.66815185546875,3.749643564224243,16.55375862121582,3.749643564224243,105
106,3.8369083404541016,101.42267608642578,175.6107635498047,3.88155198097229,43.60951232910156,3.5731489658355713,3.3607447147369385,3.5731489658355713,106
107,11.908087730407715,112.8892593383789,199.7476806640625,11.806720733642578,101.34086608886719,3.78109073638916,11.842992782592773,3.78109073638916,107
108,12.36868667602539,87.2653579711914,151.13955688476562,12.364215850830078,57.621219635009766,3.4014711380004883,12.410709381103516,3.4014711380004883,108
109,20.70470428466797,87.88992309570312,154.5821533203125,20.453996658325195,79.19580078125,3.191030740737915,20.357765197753906,3.191030740737915,109
110,16.82868766784668,92.37278747558594,156.92652893066406,16.781423568725586,52.86846923828125,2.846789598464966,16.809301376342773,2.846789598464966,110
111,6.418774604797363,110.27957916259766,196.74700927734375,6.43434476852417,78.19571685791016,2.8277528285980225,6.919601917266846,2.8277528285980225,111
112,12.373435020446777,76.81177520751953,131.32516479492188,12.464839935302734,63.82499694824219,2.620159864425659,12.21874713897705,2.620159864425659,112
113,10.694609642028809,105.01201629638672,186.38656616210938,11.039942741394043,68.08080291748047,2.329854726791382,10.625465393066406,2.329854726791382,113
114,2.3294713497161865,79.58184814453125,140.06314086914062,1.9549458026885986,73.42982482910156,2.3496954441070557,1.969830870628357,2.3496954441070557,114
115,0.8779930472373962,101.95289611816406,172.69789123535156,0.9783178567886353,48.322662353515625,2.2892234325408936,0.6165549755096436,2.2892234325408936,115
116,10.725384712219238,91.12960052490234,164.3883514404297,10.46718978881836,86.93446350097656,1.985587477684021,10.393404960632324,1.985587477684021,116
117,16.543725967407227,93.5414047241211,162.31105041503906,16.692289352416992,63.61604309082031,1.6741472482681274,16.838172912597656,1.6741472482681274,117
118,8.213611602783203,97.71839141845703,171.81768798828125,8.152634620666504,77.85503387451172,1.6561235189437866,8.576654434204102,1.6561235189437866,118
119,15.667963027954102,74.2629165649414,125.54105377197266,15.400613784790039,47.868194580078125,1.2016518115997314,15.850045204162598,1.2016518115997314,119
120,10.0823335647583,119.90338897705078,211.42454528808594,9.741621017456055,84.72188568115234,1.2951128482818604,10.278688430786133,1.2951128482818604,120
121,15.77921199798584,72.16629791259766,123.57429504394531,15.241520881652832,48.896907806396484,1.0583478212356567,15.446786880493164,1.0583478212356567,121
122,8.022275924682617,96.30961608886719,169.99781799316406,7.553945064544678,77.24536895751953,1.0292754173278809,7.7682976722717285,1.0292754173278809,122
123,15.523824691772461,105.16065216064453,182.29827880859375,15.39806842803955,67.41468811035156,0.8471505641937256,15.88150691986084,0.8471505641937256,123
124,17.17815589904785,81.24861145019531,142.13470458984375,16.676233291625977,50.340755462646484,0.6812395453453064,16.900083541870117,0.6812395453453064,124
125,9.922061920166016,109.15851593017578,191.6144256591797,9.984434127807617,82.18936920166016,0.397250771522522,9.876373291015625,0.397250771522522,125
126,22.43191909790039,79.7555923461914,138.4229736328125,22.906803131103516,60.176876068115234,0.323114275932312,22.83123016357422,0.323114275932312,126
127,9.969484329223633,106.58655548095703,186.78390502929688,9.742197036743164,62.218597412109375,0.6800466179847717,9.452388763427734,0.6800466179847717,127
128,6.0,77.0,134.0,5.0,71.0,0.01,7.0,0.01,128

